0.000000	
0.000000	
0.000000	
0.000000	
0.000000	
0.000000	
0.000000	
0.000000	
0.000000	
0.000000	
0.000000	
0.000000	
0.000000	
0.000000	
0.000000	
0.000000	
0.000000	
0.000000	
0.000000	
0.000000	
0.000000	
0.000000	
0.000000	
0.000000	
0.000000	
0.000000	
0.000000	
0.000000	
0.000000	
0.000000	
0.000000	
0.000000	
0.000000	
0.000000	
0.000000	
0.000000	
0.000000	
0.000000	
0.000000	
0.000000	
0.000000	
0.000000	
0.000000	
0.000000	
0.000000	
0.000000	
0.000000	
0.000000	
0.000000	
0.000000	
0.000000	
0.000000	
0.000000	
0.000000	
0.000000	
0.000000	
0.000000	
0.000000	
0.000000	
0.000000	
0.000000	
0.000000	
0.000000	
0.000000	
0.000000	
0.000000	
2259.860000	
2259.851321	
2260.039611	
2260.173460	
2260.190706	
2260.208258	
2260.210583	
2260.224788	
2260.238879	
2260.252404	
2260.265141	
2260.277083	
2260.288414	
2260.299397	
2260.310255	
2260.321104	
2260.331971	
2260.342835	
2260.353665	
2260.371732	
2260.390794	
2260.440464	
2260.462254	
2260.472519	
2260.492109	
2260.439264	
2260.443479	
2260.447342	
2260.450723	
2260.453522	
2260.455698	
2260.457260	
2260.405133	
2260.397464	
2260.393039	
2260.388875	
2260.384797	
2260.379430	
2260.244169	
2260.214871	
2260.185195	
2260.155195	
2260.124924	
2260.094431	
2260.062000	
2260.036835	
2260.011617	
2259.987841	
2259.964109	
2259.940400	
2259.776700	
2259.727428	
2259.678146	
2259.628808	
2259.579381	
2259.529844	
2259.480183	
2259.430389	
2259.380455	
2259.330378	
2259.278226	
2259.225806	
2259.173224	
2259.120541	
2259.066888	
2259.013024	
2259.176093	
2259.163190	
2259.150031	
2259.136898	
2259.124057	
2259.111395	
2259.098825	
2259.086291	
2259.074419	
2259.061936	
2259.049416	
2259.036856	
2259.024257	
2259.011620	
2258.913509	
2258.879553	
2258.845596	
2258.811640	
2258.777685	
2258.743731	
2258.645857	
2258.605212	
2258.564570	
2258.523924	
2258.483280	
2258.442638	
2258.255160	
2258.203135	
2258.151121	
2258.099121	
2258.047136	
2257.995171	
2257.943229	
2257.891313	
2257.839427	
2257.787575	
2257.735762	
2257.683991	
2257.073306	
2256.994595	
2256.915975	
2256.837496	
2256.759127	
2256.680876	
2255.772385	
2255.660786	
2255.549352	
2255.438091	
2255.327010	
2255.216115	
2253.936939	
2253.785936	
2253.635162	
2253.484622	
2253.334326	
2253.184193	
2253.034302	
2252.884654	
2252.735250	
2252.586092	
2252.437178	
2252.288507	
2252.140198	
2251.992133	
2251.844309	
2251.696720	
2251.549468	
2248.355788	
2248.133364	
2247.911201	
2247.689407	
2247.467866	
2247.246573	
2247.025524	
2246.804712	
2246.584131	
2246.363836	
2246.143574	
2245.923548	
2245.703729	
2240.310363	
2239.985262	
2239.660389	
2239.335665	
2239.011155	
2238.686855	
2232.320846	
2231.883030	
2231.445441	
2231.008076	
2230.570933	
2230.134008	
2229.697300	
2229.260805	
2228.824521	
2228.388444	
2227.952573	
2227.516902	
2237.508163	
2237.310570	
2237.113038	
2236.915561	
2236.718138	
2236.520761	
2236.323427	
2236.126129	
2235.928927	
2235.731751	
2235.534596	
2235.337453	
2235.555033	
2235.363775	
2235.172517	
2234.981252	
2234.789974	
2234.598677	
2234.774401	
2234.587702	
2234.401072	
2234.214423	
2234.027749	
2233.841045	
2234.159658	
2233.979286	
2233.798880	
2233.618540	
2233.438161	
2233.257648	
2233.571885	
2233.396832	
2233.221736	
2233.046595	
2232.871405	
2232.696265	
2232.521075	
2232.345832	
2232.170534	
2231.995179	
2231.819765	
2231.644292	
2231.468757	
2232.146050	
2231.980193	
2231.814282	
2231.648315	
2232.221486	
2232.063143	
2231.904750	
2231.746307	
2231.587813	
2231.429268	
2231.270670	
2232.049509	
2231.900791	
2231.752025	
2231.603211	
2231.454347	
2231.305434	
2232.140698	
2232.001630	
2231.862515	
2231.723352	
2231.584140	
2231.445021	
2231.305856	
2232.217707	
2232.088799	
2231.959848	
2231.830853	
2231.701815	
2232.580325	
2232.460712	
2232.341059	
2232.221365	
2232.101630	
2231.981855	
2231.862038	
2231.742180	
2231.622281	
2231.502341	
2231.382361	
2231.262342	
2232.384410	
2232.275772	
2232.166945	
2232.058079	
2231.949175	
2231.840234	
2232.900775	
2232.802087	
2232.703364	
2232.604608	
2232.505819	
2232.406996	
2233.447998	
2233.358970	
2233.269912	
2233.180823	
2233.091704	
2233.002555	
2234.249033	
2234.171922	
2234.094783	
2234.017614	
2233.940416	
2233.863189	
2233.785935	
2233.708652	
2233.631342	
2233.554004	
2233.476640	
2233.399250	
2233.321834	
2234.450778	
2234.383097	
2234.315393	
2234.247666	
2235.302766	
2235.244096	
2235.185405	
2235.126244	
2235.067510	
2235.008756	
2234.949824	
2236.267212	
2236.220360	
2236.173042	
2236.125702	
2236.078338	
2236.031402	
2236.813645	
2236.772081	
2236.730061	
2236.688462	
2236.646402	
2236.604769	
2236.563119	
2236.521452	
2236.479769	
2236.437615	
2236.395717	
2236.353804	
2236.311874	
2236.269929	
2236.227969	
2236.185525	
2236.143066	
2154.793006	
2153.985177	
2153.177591	
2152.370135	
2151.562516	
2150.755144	
2149.948018	
2149.141555	
2148.335343	
2147.529381	
2146.723669	
2145.918206	
2145.112990	
2144.308020	
2143.503294	
2142.698378	
2141.894131	
2141.090119	
2140.286338	
2165.130968	
2164.643719	
2164.156482	
2163.669253	
2163.182033	
2162.694819	
2169.054016	
2168.619096	
2168.184172	
2167.749243	
2167.314307	
2166.879361	
2166.444406	
2166.009437	
2165.574059	
2165.138662	
2164.703649	
2164.268616	
2163.833155	
2163.398082	
2162.962570	
2162.527034	
2162.091470	
2161.655880	
2161.220262	
2160.784615	
2160.348939	
2159.913235	
2159.477500	
2159.041736	
2158.605942	
2158.170117	
2157.734262	
2157.298377	
2156.862461	
2156.426515	
2155.990539	
2164.169540	
2163.797623	
2163.425672	
2163.053689	
2162.681673	
2169.733410	
2169.415761	
2169.098078	
2168.780361	
2168.462609	
2168.144822	
2174.540136	
2174.271772	
2174.003373	
2173.734937	
2173.466465	
2173.197956	
2172.929410	
2172.660827	
2172.392206	
2172.123547	
2171.854851	
2171.586118	
2171.317347	
2177.527929	
2177.306828	
2177.085691	
2176.864515	
2176.643302	
2182.168256	
2181.989284	
2181.810274	
2181.631226	
2181.452141	
2181.273016	
2186.271742	
2186.130712	
2185.989644	
2185.848538	
2185.707394	
2185.566210	
2190.108901	
2190.002444	
2189.895951	
2189.789420	
2189.682852	
2189.576246	
2189.470042	
2189.363802	
2189.257526	
2189.150767	
2189.043968	
2188.937583	
2193.250230	
2193.176585	
2193.102904	
2193.029188	
2192.955436	
2196.862077	
2196.818093	
2196.774250	
2196.730373	
2196.686462	
2196.642337	
2196.598356	
2200.224870	
2200.208591	
2200.192277	
2200.175929	
2200.159546	
2200.143127	
2203.385963	
2203.393880	
2203.401763	
2203.409611	
2203.417424	
2203.425203	
2203.432765	
2206.373606	
2206.402734	
2206.431824	
2206.461321	
2206.490784	
2209.237564	
2209.287562	
2209.337524	
2209.387448	
2209.437781	
2209.488080	
2209.538345	
2209.588575	
2209.638313	
2209.688014	
2209.737678	
2209.787769	
2209.837358	
2212.400588	
2212.469483	
2212.538342	
2212.607166	
2214.816608	
2214.901383	
2214.986122	
2215.070826	
2215.155494	
2215.240127	
2215.324724	
2217.424279	
2217.524634	
2217.624955	
2217.725242	
2217.825495	
2217.925713	
2219.866353	
2219.981098	
2220.095810	
2220.210489	
2220.325134	
2220.439746	
2220.554324	
2220.668868	
2220.783379	
2220.897856	
2221.012300	
2221.126711	
2221.241088	
2222.862670	
2222.988367	
2223.114034	
2223.239669	
2224.808797	
2224.946186	
2225.083543	
2225.220870	
2225.358166	
2225.495431	
2225.632666	
2226.961035	
2227.107363	
2227.253662	
2227.399931	
2227.546171	
2227.692382	
2228.812151	
2228.965475	
2229.118771	
2229.272039	
2229.425279	
2229.578491	
2229.731675	
2230.757097	
2230.916967	
2231.076810	
2231.236626	
2231.396415	
2232.157448	
2232.320908	
2232.484343	
2232.647754	
2232.811139	
2232.974500	
2233.673854	
2233.840982	
2234.008087	
2234.175169	
2234.342226	
2234.509260	
2234.676271	
2235.326814	
2235.497507	
2235.668177	
2235.838824	
2236.009448	
2236.431589	
2236.603087	
2236.774565	
2236.946021	
2237.117457	
2237.288871	
2237.692932	
2237.865743	
2238.038535	
2238.211307	
2238.384058	
2238.556790	
2238.898992	
2239.072670	
2239.246329	
2239.419969	
2239.593589	
2239.767191	
2239.940773	
2240.114336	
2240.287880	
2240.461405	
2240.634911	
2240.808398	
2240.981866	
2241.155314	
2241.328745	
2241.502156	
2241.675549	
2160.169216	
2159.460155	
2158.751389	
2158.042921	
2157.334752	
2156.626884	
2155.919317	
2155.211594	
2099.663919	
2098.490179	
2097.316729	
2096.143572	
2094.970708	
2045.863393	
2044.285615	
2042.708110	
2041.130882	
2039.554477	
2037.977966	
2036.401736	
1991.693342	
1989.755158	
1987.817234	
1985.879573	
1983.942178	
1943.638969	
1941.382049	
1939.125376	
1936.868953	
1900.599354	
1898.062662	
1895.525877	
1892.989328	
1890.453017	
1887.916947	
1885.381120	
1851.937315	
1849.148115	
1846.359137	
1843.570385	
1840.781859	
1837.993562	
1835.205494	
1832.417657	
1801.564522	
1798.548541	
1795.532770	
1792.517209	
1764.646679	
1761.431551	
1758.216615	
1755.001875	
1751.787332	
1748.572987	
1745.358842	
1719.979759	
1716.589790	
1713.200003	
1709.810399	
1706.420979	
1703.031745	
1699.642697	
1696.253836	
1692.865163	
1689.476678	
1686.088379	
1682.700267	
1659.878527	
1656.338981	
1652.799601	
1649.260389	
1645.721345	
1642.182470	
1622.028889	
1618.363691	
1614.698644	
1611.033749	
1607.369312	
1603.704724	
1600.040291	
1596.376322	
1592.712198	
1589.048230	
1585.384416	
1568.303622	
1564.541628	
1560.779771	
1557.018051	
1553.256470	
1538.438731	
1534.599060	
1530.759511	
1526.920086	
1523.080786	
1519.241611	
1515.402562	
1511.563640	
1507.724690	
1495.883365	
1491.993129	
1488.103002	
1484.212986	
1480.323081	
1470.435737	
1466.511459	
1462.587277	
1458.663047	
1454.738914	
1450.814879	
1446.890943	
1439.236968	
1435.297716	
1431.358272	
1427.418912	
1423.479914	
1417.569302	
1413.629981	
1409.690732	
1405.751285	
1401.812180	
1397.872876	
1393.933916	
1389.980907	
1386.057335	
1382.133822	
1378.210368	
1374.286972	
1371.673663	
1367.776579	
1363.879541	
1359.982549	
1356.085603	
1352.188704	
1348.291591	
1344.394786	
1340.498030	
1336.601323	
1332.704666	
1328.808060	
1329.543619	
1325.700920	
1321.858256	
1318.015629	
1314.173040	
1310.330488	
1312.361582	
1308.582941	
1304.804325	
1301.025733	
1297.247166	
1293.468624	
1289.690109	
1285.911620	
1282.133159	
1278.354727	
1274.576324	
1270.797952	
1276.032759	
1272.343985	
1268.655227	
1264.966485	
1261.277761	
1257.589054	
1253.900366	
1250.211697	
1246.523049	
1242.834421	
1239.145816	
1235.457330	
1243.769537	
1240.194803	
1236.620181	
1233.045566	
1229.471092	
1225.896705	
1222.322326	
1218.748049	
1215.173874	
1211.599802	
1208.025738	
1204.451792	
1200.878044	
1309.516746	
1307.124426	
1304.731893	
1302.339136	
1370.048743	
1368.234861	
1366.420757	
1364.606168	
1362.791549	
1360.976768	
1359.161700	
1357.346452	
1419.447212	
1418.156664	
1416.865849	
1415.574769	
1414.283412	
1470.070855	
1469.245896	
1468.420882	
1467.595740	
1466.770398	
1465.944752	
1465.118921	
1464.292914	
1463.466494	
1462.640329	
1461.813851	
1460.987057	
1460.160062	
1515.268406	
1514.896524	
1514.524743	
1514.152978	
1513.781079	
1563.778570	
1563.814761	
1563.850962	
1563.887171	
1563.923374	
1563.959428	
1563.995957	
1610.502914	
1610.915013	
1611.327402	
1611.739944	
1612.152135	
1658.330629	
1659.129459	
1659.929536	
1660.729662	
1661.528826	
1662.329645	
1663.130111	
1663.930763	
1664.730698	
1665.530522	
1666.330516	
1667.130286	
1711.720876	
1712.874788	
1714.028811	
1715.182946	
1716.337277	
1717.492094	
1764.270146	
1765.817323	
1767.364379	
1768.911416	
1770.458512	
1772.005753	
1773.552272	
1813.455256	
1815.301719	
1817.147883	
1818.994135	
1820.840184	
1822.686321	
1866.544679	
1868.754750	
1870.964037	
1873.173305	
1875.382549	
1877.591698	
1914.232051	
1916.705830	
1919.179198	
1921.652549	
1924.126301	
1957.158536	
1959.861905	
1962.565278	
1965.268651	
1967.972020	
1970.675316	
2000.479795	
2003.384190	
2006.288621	
2009.192983	
2012.097476	
2015.001996	
2017.906436	
2044.773980	
2047.852929	
2050.931983	
2054.011071	
2057.090121	
2075.460214	
2078.611594	
