2260.140000	0.283022	0.049318	
2260.140000	0.283022	0.049318	
2260.140000	0.283022	0.049318	
2260.140000	0.283022	0.049318	
2260.140000	0.282872	0.049318	
2260.140000	0.282872	0.049318	
2260.140000	0.282872	0.049318	
2260.140000	0.282872	0.049318	
2260.140000	0.282872	0.049318	
2260.140000	0.282872	0.049318	
2260.140000	0.282732	0.049318	
2260.140000	0.282732	0.049318	
2260.140000	0.282732	0.049318	
2260.140000	0.282732	0.049168	
2260.140000	0.282612	0.049168	
2260.140000	0.282612	0.049343	
2260.140000	0.282612	0.049463	
2260.140000	0.282612	0.049463	
2260.140000	0.282687	0.049373	
2260.140000	0.282687	0.049373	
2260.140000	0.282687	0.049443	
2260.140000	0.282687	0.049443	
2260.140000	0.282687	0.049443	
2260.140000	0.282617	0.049443	
2260.140000	0.282617	0.049343	
2260.140000	0.282617	0.049343	
2260.140000	0.282617	0.049343	
2260.140000	0.282791	0.049343	
2260.140000	0.282791	0.049343	
2260.140000	0.282791	0.049343	
2260.140000	0.282791	0.049343	
2260.140000	0.282791	0.049343	
2260.140000	0.283036	0.049343	
2260.140000	0.283036	0.049343	
2260.140000	0.283036	0.049343	
2260.140000	0.283036	0.049343	
2260.140000	0.283311	0.049343	
2260.140000	0.283311	0.049343	
2260.140000	0.283311	0.049343	
2260.140000	0.283311	0.049343	
2260.140000	0.283381	0.049343	
2260.140000	0.283555	0.049343	
2260.140000	0.283625	0.049343	
2260.140000	0.283725	0.049343	
2260.140000	0.283725	0.049343	
2260.140000	0.283725	0.049343	
2260.140000	0.283900	0.049343	
2260.140000	0.283970	0.049343	
2260.140000	0.284070	0.049343	
2260.140000	0.284070	0.049343	
2260.140000	0.284070	0.049343	
2260.140000	0.284070	0.049343	
2260.140000	0.284140	0.049343	
2260.140000	0.284140	0.049343	
2260.140000	0.284140	0.049343	
2260.140000	0.284240	0.049343	
2260.140000	0.284240	0.049343	
2260.140000	0.284240	0.049343	
2260.140000	0.284414	0.049343	
2260.140000	0.284414	0.049343	
2260.140000	0.284484	0.049343	
2260.140000	0.284484	0.049343	
2260.140000	0.284484	0.049343	
2260.140000	0.284484	0.049343	
2260.140000	0.284554	0.049343	
2260.140000	0.284554	0.049343	
2259.860000	0.284554	0.049343	
2259.860000	0.284554	0.049343	
2260.140000	0.284554	0.049343	
2261.100000	0.284554	0.049343	
2261.100000	0.284554	0.049343	
2261.100000	0.284554	0.049343	
2260.160000	0.284514	0.049353	
2260.160000	0.284514	0.049353	
2260.160000	0.284514	0.049353	
2260.160000	0.284514	0.049353	
2260.160000	0.284514	0.049353	
2260.160000	0.284514	0.049353	
2260.160000	0.284514	0.049353	
2260.160000	0.284514	0.049353	
2260.160000	0.284514	0.049353	
2260.160000	0.284514	0.049353	
2260.160000	0.284514	0.049353	
2260.160000	0.284514	0.049353	
2260.160000	0.284514	0.049353	
2260.160000	0.284340	0.049353	
2260.160000	0.284320	0.049373	
2260.610000	0.284320	0.049373	
2260.610000	0.284320	0.049373	
2260.610000	0.284494	0.049373	
2260.610000	0.284320	0.049453	
2260.120000	0.284320	0.049453	
2260.120000	0.284320	0.049453	
2260.120000	0.284320	0.049453	
2260.120000	0.284320	0.049453	
2260.120000	0.284320	0.049453	
2260.120000	0.284320	0.049453	
2260.120000	0.284320	0.049453	
2260.050000	0.284320	0.049453	
2260.050000	0.284320	0.049453	
2260.050000	0.284290	0.049333	
2260.050000	0.284290	0.049333	
2260.050000	0.284290	0.049333	
2260.050000	0.284290	0.049393	
2259.280000	0.284290	0.049393	
2259.280000	0.284290	0.049393	
2259.280000	0.284290	0.049393	
2259.280000	0.284290	0.049393	
2259.280000	0.284290	0.049393	
2259.280000	0.284290	0.049393	
2259.840000	0.284290	0.049393	
2259.840000	0.284290	0.049393	
2259.840000	0.284290	0.049393	
2259.840000	0.284260	0.049343	
2259.840000	0.284260	0.049343	
2259.840000	0.284260	0.049343	
2258.930000	0.284260	0.049343	
2258.930000	0.284260	0.049343	
2258.930000	0.284260	0.049343	
2258.930000	0.284260	0.049343	
2258.930000	0.284260	0.049343	
1183.120000	0.284260	0.049343	
1183.120000	0.284260	0.049343	
1183.120000	0.284260	0.049343	
1183.120000	0.284260	0.049343	
1183.120000	0.284260	0.049343	
1183.120000	0.284320	0.049363	
2853.210000	0.284320	0.049363	
2853.210000	0.284320	0.049363	
2853.210000	0.284320	0.049363	
2853.210000	0.284320	0.049423	
2853.210000	0.284320	0.049423	
2261.070000	0.284320	0.049423	
2261.070000	0.284320	0.049423	
2261.070000	0.284320	0.049423	
2261.070000	0.284250	0.049423	
2261.070000	0.284250	0.049423	
2261.070000	0.284250	0.049423	
2261.070000	0.284250	0.049423	
2261.070000	0.284250	0.049423	
2261.070000	0.284250	0.049363	
2261.070000	0.284250	0.049423	
1366.470000	0.284250	0.049423	
1366.470000	0.284250	0.049423	
1366.470000	0.284250	0.049423	
1366.470000	0.284250	0.049423	
1366.430000	0.284250	0.049423	
1366.430000	0.284250	0.049423	
1366.430000	0.284250	0.049423	
1366.430000	0.284250	0.049423	
1366.430000	0.284250	0.049423	
1366.430000	0.284250	0.049423	
1366.130000	0.284250	0.049423	
1366.130000	0.284190	0.049423	
1366.130000	0.284190	0.049423	
1366.130000	0.284110	0.049363	
1366.130000	0.284110	0.049363	
1366.130000	0.284110	0.049363	
1366.480000	0.284110	0.049363	
1366.480000	0.284110	0.049363	
1366.480000	0.284110	0.049363	
1366.480000	0.284110	0.049363	
1366.480000	0.284110	0.049363	
1366.480000	0.284110	0.049363	
1366.480000	0.284110	0.049363	
1366.480000	0.284110	0.049363	
1366.480000	0.284110	0.049363	
1366.480000	0.284110	0.049363	
1366.480000	0.284110	0.049363	
1366.480000	0.284110	0.049363	
1366.130000	0.284110	0.049423	
1366.130000	0.284110	0.049353	
1366.130000	0.284110	0.049353	
1366.130000	0.284110	0.049403	
1366.130000	0.284110	0.049403	
1366.130000	0.284110	0.049403	
1366.250000	0.284030	0.049353	
1366.250000	0.284030	0.049353	
1366.250000	0.284030	0.049353	
1366.250000	0.284030	0.049353	
1366.250000	0.284030	0.049353	
1366.250000	0.284030	0.049353	
1366.420000	0.284030	0.049353	
1366.420000	0.283980	0.049353	
1366.420000	0.283980	0.049353	
1366.420000	0.283980	0.049353	
1366.420000	0.284040	0.049353	
1366.420000	0.283990	0.049293	
2256.480000	0.283990	0.049293	
2256.480000	0.283990	0.049293	
2256.480000	0.283990	0.049293	
2256.480000	0.283990	0.049293	
2256.480000	0.283990	0.049293	
2256.480000	0.283990	0.049293	
1366.460000	0.284040	0.049363	
1366.460000	0.284040	0.049363	
1366.460000	0.284040	0.049363	
1366.460000	0.284040	0.049363	
1366.460000	0.284040	0.049423	
1366.480000	0.284040	0.049423	
1366.480000	0.284040	0.049423	
1366.480000	0.284040	0.049423	
1366.480000	0.284040	0.049493	
1366.480000	0.284040	0.049493	
1366.480000	0.284040	0.049493	
1366.480000	0.284040	0.049493	
1366.480000	0.284040	0.049493	
1366.480000	0.284040	0.049493	
1366.480000	0.284214	0.049493	
1366.480000	0.284040	0.049423	
1366.480000	0.284110	0.049423	
1366.480000	0.284110	0.049423	
1366.490000	0.284040	0.049423	
1366.490000	0.284214	0.049423	
1366.490000	0.284214	0.049423	
1366.490000	0.284040	0.049423	
1366.490000	0.284040	0.049423	
1366.490000	0.284040	0.049423	
1366.670000	0.284214	0.049423	
1366.670000	0.284214	0.049423	
1366.670000	0.284214	0.049423	
1366.670000	0.284214	0.049423	
1366.670000	0.284214	0.049423	
1366.670000	0.284214	0.049423	
2254.940000	0.284214	0.049423	
2254.940000	0.284214	0.049423	
2254.940000	0.284214	0.049423	
2254.940000	0.284214	0.049423	
2254.940000	0.284214	0.049423	
2254.940000	0.284214	0.049423	
2254.880000	0.284214	0.049423	
2254.880000	0.284214	0.049423	
2254.880000	0.284214	0.049423	
2254.880000	0.284214	0.049423	
2254.880000	0.284214	0.049423	
2254.880000	0.284214	0.049423	
2254.880000	0.284214	0.049423	
2254.880000	0.284214	0.049423	
2254.880000	0.284284	0.049423	
2254.880000	0.284284	0.049423	
2254.880000	0.284284	0.049423	
2254.880000	0.284284	0.049423	
2256.670000	0.284284	0.049423	
2256.670000	0.284284	0.049423	
2256.670000	0.284284	0.049423	
2256.670000	0.284284	0.049423	
2256.670000	0.284284	0.049423	
2256.670000	0.284284	0.049423	
2254.760000	0.284459	0.049423	
2254.760000	0.284459	0.049423	
2254.760000	0.284529	0.049423	
2254.760000	0.284529	0.049423	
2254.760000	0.284529	0.049423	
2254.760000	0.284529	0.049423	
2254.670000	0.284529	0.049423	
2254.670000	0.284529	0.049423	
2254.670000	0.284529	0.049423	
2254.670000	0.284599	0.049423	
2254.670000	0.284599	0.049423	
2254.670000	0.284539	0.049423	
2253.200000	0.284539	0.049363	
2253.200000	0.284539	0.049363	
2253.200000	0.284539	0.049363	
2253.200000	0.284539	0.049363	
2253.200000	0.284539	0.049363	
2253.200000	0.284599	0.049363	
2253.200000	0.284599	0.049363	
2253.200000	0.284599	0.049363	
2253.200000	0.284599	0.049363	
2253.200000	0.284599	0.049363	
2253.200000	0.284599	0.049363	
2253.200000	0.284599	0.049363	
2253.200000	0.284599	0.049363	
2254.310000	0.284599	0.049363	
2254.310000	0.284599	0.049363	
2254.310000	0.284599	0.049363	
2254.310000	0.284599	0.049363	
2253.190000	0.284599	0.049363	
2253.190000	0.284599	0.049363	
2253.190000	0.284599	0.049363	
2253.190000	0.284599	0.049363	
2253.190000	0.284599	0.049363	
2253.190000	0.284599	0.049363	
2253.190000	0.284599	0.049363	
2253.300000	0.284599	0.049363	
2253.300000	0.284599	0.049363	
2253.300000	0.284599	0.049363	
2253.300000	0.284599	0.049363	
2253.300000	0.284599	0.049363	
2253.300000	0.284599	0.049363	
2253.140000	0.284539	0.049363	
2253.140000	0.284539	0.049363	
2253.140000	0.284539	0.049363	
2253.140000	0.284539	0.049363	
2253.140000	0.284539	0.049363	
2253.140000	0.284599	0.049363	
2253.140000	0.284599	0.049363	
2252.870000	0.284599	0.049363	
2252.870000	0.284599	0.049363	
2252.870000	0.284599	0.049363	
2252.870000	0.284599	0.049363	
2252.870000	0.284599	0.049363	
2252.230000	0.284599	0.049363	
2252.230000	0.284599	0.049363	
2252.230000	0.284599	0.049363	
2252.230000	0.284599	0.049363	
2252.230000	0.284599	0.049363	
2252.230000	0.284599	0.049363	
2252.230000	0.284599	0.049363	
2252.230000	0.284599	0.049363	
2252.230000	0.284599	0.049363	
2252.230000	0.284599	0.049363	
2252.230000	0.284599	0.049363	
2252.230000	0.284599	0.049363	
2252.320000	0.284599	0.049363	
2252.320000	0.284599	0.049363	
2252.320000	0.284539	0.049363	
2252.320000	0.284539	0.049363	
2252.320000	0.284539	0.049363	
2252.320000	0.284539	0.049363	
2251.730000	0.284539	0.049363	
2251.730000	0.284539	0.049363	
2251.730000	0.284539	0.049363	
2251.730000	0.284539	0.049363	
2251.730000	0.284539	0.049363	
2251.730000	0.284539	0.049363	
2251.220000	0.284539	0.049363	
2251.220000	0.284539	0.049363	
2251.220000	0.284539	0.049363	
2251.220000	0.284539	0.049363	
2251.220000	0.284539	0.049363	
2251.220000	0.284539	0.049363	
2252.600000	0.284539	0.049363	
2252.600000	0.284539	0.049363	
2252.600000	0.284539	0.049363	
2252.600000	0.284539	0.049363	
2252.600000	0.284539	0.049363	
2252.600000	0.284539	0.049363	
2252.600000	0.284539	0.049363	
2252.600000	0.284539	0.049363	
2252.600000	0.284539	0.049363	
2252.600000	0.284539	0.049363	
2252.600000	0.284539	0.049363	
2252.600000	0.284539	0.049363	
2252.600000	0.284539	0.049363	
2251.160000	0.284539	0.049363	
2251.160000	0.284539	0.049363	
2251.160000	0.284539	0.049363	
2251.160000	0.284539	0.049363	
2250.910000	0.284539	0.049363	
2250.910000	0.284539	0.049363	
2250.910000	0.284539	0.049363	
2250.910000	0.284364	0.049363	
2250.910000	0.284539	0.049363	
2250.910000	0.284539	0.049363	
2250.910000	0.284479	0.049363	
2252.960000	0.284529	0.049363	
2252.960000	0.284529	0.049363	
2252.960000	0.284354	0.049363	
2252.960000	0.284354	0.049363	
2252.960000	0.284354	0.049363	
2252.960000	0.284529	0.049363	
2250.390000	0.284529	0.049363	
2250.390000	0.284529	0.049363	
2250.390000	0.284354	0.049363	
2250.390000	0.284529	0.049363	
2250.390000	0.284354	0.049363	
2250.390000	0.284529	0.049363	
1366.530000	0.284529	0.049363	
1366.530000	0.284529	0.049363	
1366.530000	0.284529	0.049363	
1366.530000	0.284354	0.049363	
1366.530000	0.284459	0.049363	
1366.530000	0.284459	0.049363	
1366.530000	0.284459	0.049363	
1366.530000	0.284459	0.049363	
1366.530000	0.284459	0.049363	
1366.530000	0.284284	0.049363	
1366.530000	0.284284	0.049363	
1366.720000	0.284459	0.049443	
1366.720000	0.284459	0.049443	
1366.720000	0.284459	0.049443	
1366.720000	0.284459	0.049383	
1366.720000	0.284284	0.049383	
1366.720000	0.284284	0.049383	
1366.720000	0.284284	0.049383	
1366.720000	0.284459	0.049383	
1366.720000	0.284459	0.049383	
1366.720000	0.284459	0.049383	
1366.720000	0.284459	0.049383	
1366.720000	0.284459	0.049383	
1366.720000	0.284459	0.049383	
2248.580000	0.284459	0.049383	
2248.580000	0.284459	0.049383	
2248.580000	0.284284	0.049383	
2248.580000	0.284459	0.049383	
2248.580000	0.284459	0.049383	
2248.580000	0.284459	0.049383	
2247.860000	0.284459	0.049383	
2247.860000	0.284459	0.049383	
2247.860000	0.284459	0.049383	
2247.860000	0.284459	0.049383	
2247.860000	0.284459	0.049383	
2247.860000	0.284459	0.049383	
2247.620000	0.284459	0.049383	
2247.620000	0.284459	0.049383	
2247.620000	0.284459	0.049383	
2247.620000	0.284459	0.049383	
2247.620000	0.284459	0.049383	
2247.620000	0.284459	0.049383	
2247.620000	0.284459	0.049383	
2247.620000	0.284459	0.049383	
2247.620000	0.284459	0.049208	
2247.620000	0.284459	0.049208	
2247.620000	0.284459	0.049383	
2247.620000	0.284459	0.049383	
27254.500000	0.284459	0.049208	
27254.500000	0.284459	0.049383	
27254.500000	0.284459	0.049208	
27254.500000	0.284459	0.049208	
822.110000	0.284459	0.049208	
822.110000	0.284459	0.049208	
822.110000	0.284459	0.049208	
822.110000	0.284459	0.049208	
822.110000	0.284459	0.049208	
822.110000	0.284459	0.049208	
822.110000	0.284459	0.049208	
822.110000	0.284459	0.049208	
822.110000	0.284459	0.049208	
822.110000	0.284459	0.049208	
822.110000	0.284459	0.049208	
822.110000	0.284459	0.049208	
822.110000	0.284459	0.049208	
822.110000	0.284459	0.049208	
822.110000	0.284459	0.049208	
2246.660000	0.284459	0.049208	
2246.660000	0.284459	0.049208	
2246.660000	0.284459	0.049208	
2246.660000	0.284459	0.049208	
2246.660000	0.284459	0.049208	
2245.670000	0.284459	0.049208	
2245.670000	0.284459	0.049208	
2245.670000	0.284459	0.049208	
2245.670000	0.284459	0.049208	
2245.670000	0.284459	0.049208	
2245.670000	0.284459	0.049208	
2245.500000	0.284459	0.049208	
2245.500000	0.284459	0.049208	
2245.500000	0.284459	0.049208	
2245.500000	0.284459	0.049208	
2245.500000	0.284459	0.049208	
2245.500000	0.284459	0.049208	
2245.500000	0.284459	0.049208	
2245.500000	0.284459	0.049208	
2245.500000	0.284459	0.049208	
2245.500000	0.284459	0.049208	
2245.500000	0.284459	0.049208	
2245.500000	0.284459	0.049208	
2245.500000	0.284459	0.049208	
2244.970000	0.284459	0.049208	
2244.970000	0.284459	0.049208	
2244.970000	0.284459	0.049208	
2244.970000	0.284459	0.049208	
2244.970000	0.284459	0.049208	
2244.860000	0.284459	0.049208	
2244.860000	0.284459	0.049208	
2244.860000	0.284459	0.049208	
2244.860000	0.284459	0.049208	
2244.860000	0.284459	0.049208	
2244.860000	0.284459	0.049208	
2244.750000	0.284529	0.049208	
2244.750000	0.284459	0.049208	
2244.750000	0.284459	0.049208	
2244.750000	0.284459	0.049208	
2244.750000	0.284459	0.049208	
2244.750000	0.284459	0.049208	
2244.650000	0.284459	0.049208	
2244.650000	0.284529	0.049208	
2244.650000	0.284529	0.049208	
2244.650000	0.284529	0.049208	
2244.650000	0.284529	0.049208	
2244.650000	0.284529	0.049208	
2244.650000	0.284703	0.049208	
2244.650000	0.284703	0.049208	
2244.650000	0.284703	0.049208	
2244.650000	0.284529	0.049208	
2244.650000	0.284529	0.049208	
2244.650000	0.284703	0.049208	
2243.790000	0.284703	0.049208	
2243.790000	0.284703	0.049208	
2243.790000	0.284703	0.049208	
2243.790000	0.284703	0.049208	
2243.790000	0.284703	0.049208	
2243.830000	0.284703	0.049208	
2243.830000	0.284703	0.049208	
2243.830000	0.284773	0.049208	
2243.830000	0.284773	0.049208	
2243.830000	0.284773	0.049208	
2243.830000	0.284703	0.049208	
2243.830000	0.284773	0.049208	
2244.120000	0.284773	0.049208	
2244.120000	0.284773	0.049208	
2244.120000	0.284773	0.049208	
2244.120000	0.284773	0.049208	
2244.120000	0.284773	0.049208	
2244.120000	0.284773	0.049208	
2243.750000	0.284773	0.049208	
2243.750000	0.284773	0.049208	
2243.750000	0.284773	0.049208	
2243.750000	0.284773	0.049208	
2243.750000	0.284773	0.049208	
2243.750000	0.284773	0.049208	
2243.750000	0.284703	0.049208	
2243.220000	0.284609	0.049208	
2243.220000	0.284539	0.049208	
2243.220000	0.284539	0.049208	
2243.220000	0.284713	0.049208	
2243.220000	0.284713	0.049208	
2243.640000	0.284539	0.049208	
2243.640000	0.284539	0.049208	
2243.640000	0.284539	0.049208	
2243.640000	0.284539	0.049208	
2243.640000	0.284713	0.049208	
2243.640000	0.284713	0.049208	
2243.640000	0.284713	0.049208	
2243.640000	0.284713	0.049208	
2243.640000	0.284539	0.049208	
2243.640000	0.284539	0.049208	
2243.640000	0.284539	0.049208	
2243.640000	0.284713	0.049208	
2243.640000	0.284539	0.049208	
2243.220000	0.284539	0.049208	
2243.220000	0.284539	0.049208	
2243.220000	0.284539	0.049208	
2243.220000	0.284539	0.049208	
2242.680000	0.284713	0.049208	
2242.680000	0.284539	0.049208	
2242.680000	0.284539	0.049208	
2242.680000	0.284539	0.049208	
2242.680000	0.284539	0.049208	
2242.680000	0.284539	0.049208	
2242.680000	0.284539	0.049208	
2243.020000	0.284539	0.049208	
2243.020000	0.284539	0.049208	
2243.020000	0.284539	0.049208	
2243.020000	0.284539	0.049208	
2243.020000	0.284539	0.049208	
2243.020000	0.284539	0.049208	
2243.490000	0.284539	0.049208	
2243.490000	0.284539	0.049208	
2243.490000	0.284539	0.049208	
2243.490000	0.284539	0.049208	
2243.490000	0.284539	0.049208	
2243.490000	0.284539	0.049208	
2243.490000	0.284539	0.049208	
2243.490000	0.284539	0.049208	
2243.490000	0.284539	0.049208	
2243.490000	0.284539	0.049208	
2243.490000	0.284539	0.049208	
2243.490000	0.284539	0.049208	
2243.490000	0.284539	0.049208	
2242.140000	0.284539	0.049208	
2242.140000	0.284539	0.049208	
2242.140000	0.284539	0.049208	
2242.140000	0.284539	0.049208	
2242.750000	0.284539	0.049208	
2242.750000	0.284539	0.049208	
2242.750000	0.284539	0.049208	
2242.750000	0.284539	0.049208	
2242.750000	0.284539	0.049208	
2242.750000	0.284539	0.049208	
2242.750000	0.284539	0.049208	
2242.660000	0.284539	0.049208	
2242.660000	0.284539	0.049208	
2242.660000	0.284539	0.049208	
2242.660000	0.284539	0.049208	
2242.660000	0.284539	0.049208	
2242.660000	0.284539	0.049208	
2242.250000	0.284539	0.049208	
2242.250000	0.284539	0.049208	
2242.250000	0.284539	0.049208	
2242.250000	0.284539	0.049208	
2242.250000	0.284539	0.049208	
2242.250000	0.284539	0.049208	
2242.250000	0.284539	0.049208	
2242.460000	0.284539	0.049208	
2242.460000	0.284539	0.049208	
2242.460000	0.284539	0.049208	
2242.460000	0.284539	0.049208	
2242.460000	0.284539	0.049208	
2241.610000	0.284539	0.049208	
2241.610000	0.284539	0.049208	
2241.610000	0.284539	0.049208	
2241.610000	0.284539	0.049208	
2241.610000	0.284539	0.049208	
2241.610000	0.284539	0.049208	
2241.550000	0.284539	0.049208	
2241.550000	0.284539	0.049208	
2241.550000	0.284539	0.049208	
2241.550000	0.284539	0.049208	
2241.550000	0.284539	0.049208	
2241.550000	0.284539	0.049208	
2241.550000	0.284539	0.049208	
2242.080000	0.284539	0.049208	
2242.080000	0.284539	0.049208	
2242.080000	0.284539	0.049208	
2242.080000	0.284539	0.049208	
2242.080000	0.284539	0.049208	
2241.360000	0.284539	0.049208	
2241.360000	0.284539	0.049208	
2241.360000	0.284539	0.049208	
2241.360000	0.284539	0.049208	
2241.360000	0.284539	0.049208	
2241.360000	0.284539	0.049208	
2241.520000	0.284539	0.049208	
2241.520000	0.284539	0.049208	
2241.520000	0.284539	0.049208	
2241.520000	0.284539	0.049208	
2241.520000	0.284539	0.049208	
2241.520000	0.284539	0.049208	
2241.800000	0.284539	0.049208	
2241.800000	0.284539	0.049208	
2241.800000	0.284539	0.049208	
2241.800000	0.284539	0.049208	
2241.800000	0.284539	0.049208	
2241.800000	0.284539	0.049208	
2241.800000	0.284539	0.049208	
2241.800000	0.284539	0.049208	
2241.800000	0.284539	0.049208	
2241.800000	0.284539	0.049208	
2241.800000	0.284539	0.049208	
2241.800000	0.284539	0.049208	
1366.910000	0.284539	0.049208	
1366.910000	0.284539	0.049208	
1366.910000	0.284539	0.049208	
1366.910000	0.284539	0.049208	
1366.910000	0.284539	0.049208	
1366.760000	0.284539	0.049208	
1366.760000	0.284539	0.049208	
1366.760000	0.284539	0.049208	
1366.760000	0.284539	0.049208	
1366.760000	0.284539	0.049208	
1366.760000	0.284539	0.049208	
1366.760000	0.284539	0.049208	
1366.760000	0.284364	0.049208	
1366.550000	0.284304	0.049208	
1366.550000	0.284479	0.049208	
1366.550000	0.284479	0.049208	
1366.550000	0.284479	0.049208	
1366.550000	0.284479	0.049208	
1366.650000	0.284479	0.049208	
1366.650000	0.284304	0.049208	
1366.650000	0.284304	0.049208	
1366.650000	0.284304	0.049208	
1366.650000	0.284479	0.049288	
1366.650000	0.284304	0.049288	
1366.650000	0.284304	0.049288	
1366.630000	0.284304	0.049288	
1366.630000	0.284304	0.049218	
1366.630000	0.284304	0.049218	
1366.630000	0.284304	0.049218	
1366.630000	0.284304	0.049218	
1366.460000	0.284479	0.049218	
1366.460000	0.284304	0.049218	
1366.460000	0.284304	0.049218	
1366.460000	0.284304	0.049218	
1366.560000	0.284304	0.049218	
1366.560000	0.284479	0.049218	
1366.560000	0.284304	0.049218	
1366.560000	0.284304	0.049218	
1366.560000	0.284304	0.049218	
1366.560000	0.284304	0.049218	
1366.560000	0.284304	0.049218	
1366.570000	0.284304	0.049218	
1366.570000	0.284304	0.049218	
1366.570000	0.284304	0.049218	
1366.570000	0.284304	0.049218	
1366.570000	0.284304	0.049218	
1366.570000	0.284304	0.049218	
1366.570000	0.284304	0.049218	
1366.570000	0.284304	0.049218	
1366.550000	0.284304	0.049218	
1366.550000	0.284304	0.049218	
1366.550000	0.284304	0.049218	
1366.550000	0.284304	0.049218	
1366.490000	0.284304	0.049218	
1366.490000	0.284304	0.049218	
1366.490000	0.284304	0.049218	
1366.490000	0.284304	0.049218	
1366.490000	0.284304	0.049218	
1366.490000	0.284304	0.049218	
1366.490000	0.284304	0.049218	
1366.380000	0.284304	0.049218	
1366.380000	0.284304	0.049218	
1366.380000	0.284304	0.049218	
1366.380000	0.284304	0.049218	
1366.380000	0.284304	0.049218	
1366.380000	0.284304	0.049218	
1366.380000	0.284304	0.049218	
1366.380000	0.284304	0.049218	
1366.380000	0.284304	0.049218	
1366.380000	0.284304	0.049218	
1366.380000	0.284304	0.049218	
1366.380000	0.284304	0.049218	
1366.440000	0.284304	0.049218	
1366.440000	0.284304	0.049218	
1366.440000	0.284304	0.049218	
1366.440000	0.284304	0.049218	
1366.440000	0.284304	0.049218	
1366.440000	0.284304	0.049218	
1366.570000	0.284304	0.049218	
1366.570000	0.284304	0.049218	
1366.570000	0.284304	0.049218	
1366.570000	0.284304	0.049218	
1366.570000	0.284479	0.049218	
1366.570000	0.284304	0.049218	
1366.570000	0.284304	0.049218	
1366.570000	0.284479	0.049218	
1366.570000	0.284304	0.049218	
1366.570000	0.284304	0.049218	
1366.570000	0.284304	0.049218	
1366.820000	0.284304	0.049218	
1366.820000	0.284304	0.049218	
1366.820000	0.284304	0.049218	
1366.820000	0.284304	0.049218	
1366.820000	0.284304	0.049218	
1366.250000	0.284304	0.049218	
1366.250000	0.284304	0.049218	
1366.250000	0.284304	0.049218	
1366.250000	0.284304	0.049218	
1366.250000	0.284304	0.049218	
1366.250000	0.284304	0.049218	
1366.250000	0.284304	0.049218	
1366.250000	0.284304	0.049218	
1366.250000	0.284214	0.049218	
1366.680000	0.284214	0.049218	
1366.680000	0.284214	0.049218	
1366.680000	0.284214	0.049218	
1366.680000	0.284214	0.049218	
1366.680000	0.284214	0.049218	
1366.550000	0.284304	0.049218	
1366.550000	0.284304	0.049218	
1366.550000	0.284304	0.049218	
1366.550000	0.284214	0.049218	
1366.550000	0.284214	0.049218	
1366.550000	0.284214	0.049218	
1366.550000	0.284214	0.049218	
1366.150000	0.284389	0.049218	
1366.150000	0.284389	0.049218	
1366.150000	0.284214	0.049218	
1366.150000	0.284214	0.049218	
1366.150000	0.284389	0.049218	
1366.640000	0.284214	0.049218	
1366.640000	0.284389	0.049218	
1366.640000	0.284389	0.049218	
1366.640000	0.284214	0.049218	
1366.640000	0.284389	0.049218	
1366.640000	0.284214	0.049218	
1366.640000	0.284389	0.049218	
1366.470000	0.284389	0.049218	
1366.470000	0.284389	0.049218	
1366.470000	0.284389	0.049218	
1366.470000	0.284389	0.049218	
1366.470000	0.284389	0.049218	
1366.420000	0.284389	0.049218	
1366.420000	0.284389	0.049218	
1366.420000	0.284389	0.049218	
1366.420000	0.284389	0.049218	
1366.420000	0.284389	0.049218	
1366.420000	0.284389	0.049218	
1366.420000	0.284214	0.049218	
1366.420000	0.284389	0.049218	
1366.420000	0.284389	0.049218	
1366.420000	0.284389	0.049218	
1366.420000	0.284389	0.049218	
1366.420000	0.284389	0.049218	
1366.540000	0.284389	0.049218	
1366.540000	0.284389	0.049218	
1366.540000	0.284389	0.049218	
1366.540000	0.284389	0.049218	
1366.540000	0.284389	0.049218	
1366.540000	0.284389	0.049218	
1366.640000	0.284389	0.049218	
1366.640000	0.284389	0.049218	
1366.640000	0.284389	0.049218	
1366.640000	0.284389	0.049218	
1366.640000	0.284389	0.049218	
1366.640000	0.284389	0.049218	
1366.640000	0.284389	0.049218	
1366.640000	0.284389	0.049218	
1366.640000	0.284389	0.049218	
1366.640000	0.284389	0.049218	
1366.640000	0.284389	0.049218	
1366.640000	0.284389	0.049218	
1366.570000	0.284389	0.049218	
1366.570000	0.284389	0.049218	
1366.570000	0.284389	0.049218	
1366.570000	0.284389	0.049218	
1366.570000	0.284389	0.049218	
1366.570000	0.284389	0.049218	
1366.570000	0.284389	0.049218	
1366.570000	0.284389	0.049218	
1366.570000	0.284389	0.049218	
1366.570000	0.284389	0.049218	
1366.570000	0.284389	0.049218	
1366.570000	0.284389	0.049288	
1366.530000	0.284389	0.049288	
1366.530000	0.284389	0.049288	
1366.530000	0.284389	0.049368	
1366.530000	0.284389	0.049368	
1366.530000	0.284389	0.049468	
1366.530000	0.284389	0.049528	
2313.350000	0.284389	0.049528	
2313.350000	0.284389	0.049598	
2313.350000	0.284389	0.049668	
2313.350000	0.284389	0.049738	
2313.350000	0.284389	0.049738	
2313.350000	0.284389	0.049818	
2313.350000	0.284389	0.049958	
2314.450000	0.284563	0.050008	
2314.450000	0.284389	0.050078	
2314.450000	0.284389	0.050158	
2314.450000	0.284389	0.050238	
2315.000000	0.284563	0.050318	
2315.000000	0.284563	0.050458	
2315.000000	0.284563	0.050528	
2315.000000	0.284389	0.050578	
2315.000000	0.284563	0.050648	
2315.000000	0.284563	0.050788	
2315.000000	0.284563	0.050848	
2315.000000	0.284563	0.050988	
2313.500000	0.284633	0.051128	
2313.500000	0.284633	0.051208	
2313.500000	0.284633	0.051278	
2313.500000	0.284633	0.051358	
2313.500000	0.284633	0.051438	
2312.950000	0.284633	0.051588	
2312.950000	0.284633	0.051658	
2312.950000	0.284633	0.051878	
2312.950000	0.284633	0.052053	
2312.950000	0.284633	0.052183	
2312.950000	0.284633	0.052253	
2312.950000	0.284633	0.052403	
2312.950000	0.284733	0.052483	
2312.950000	0.284653	0.052563	
2312.950000	0.284653	0.052987	
2312.950000	0.284653	0.053067	
2312.950000	0.284653	0.053147	
2312.950000	0.284653	0.053297	
2309.370000	0.284653	0.053612	
2309.370000	0.284653	0.053612	
2309.370000	0.284653	0.053936	
2309.370000	0.284733	0.054146	
2309.370000	0.284653	0.054391	
2309.130000	0.284733	0.054561	
2309.130000	0.284733	0.054795	
2309.130000	0.284733	0.055060	
2309.130000	0.284733	0.055325	
2309.130000	0.284733	0.055579	
2309.130000	0.284733	0.055754	
2309.130000	0.284733	0.056277	
2308.220000	0.284733	0.057075	
2308.220000	0.284733	0.057075	
2308.220000	0.284733	0.057504	
2308.220000	0.284733	0.057853	
2308.220000	0.284733	0.057923	
2333.820000	0.284733	0.058796	
2333.820000	0.284733	0.058656	
2333.820000	0.284733	0.059633	
2333.820000	0.284733	0.059932	
2333.820000	0.284803	0.059642	
2333.820000	0.284803	0.060804	
2333.820000	0.284803	0.060893	
2333.820000	0.284803	0.061267	
2333.820000	0.284803	0.061186	
2333.820000	0.284803	0.061419	
2333.820000	0.284803	0.061793	
2333.820000	0.284663	0.062072	
2350.190000	0.284733	0.062421	
2350.190000	0.284733	0.062770	
2350.190000	0.284733	0.063119	
2350.190000	0.284733	0.063468	
2350.190000	0.284733	0.063857	
2350.190000	0.284733	0.064381	
2398.470000	0.284733	0.064730	
2398.470000	0.284673	0.065214	
2398.470000	0.284733	0.065428	
2398.470000	0.284733	0.065737	
2398.470000	0.284733	0.066086	
2398.470000	0.284733	0.066475	
2398.470000	0.284733	0.066475	
2398.200000	0.284673	0.066785	
2398.200000	0.284673	0.067483	
2398.200000	0.284653	0.067677	
2398.200000	0.284673	0.068026	
2398.200000	0.284563	0.068335	
2398.200000	0.284713	0.068600	
2452.850000	0.284713	0.069298	
2452.850000	0.284713	0.069597	
2452.850000	0.284713	0.069597	
2452.850000	0.284713	0.069946	
2452.850000	0.284713	0.070295	
2452.850000	0.284673	0.070644	
2454.530000	0.284673	0.070993	
2454.530000	0.284713	0.071342	
2454.530000	0.284713	0.071517	
2454.530000	0.284713	0.071866	
2454.530000	0.284713	0.072390	
2452.730000	0.284713	0.072564	
2452.730000	0.284713	0.072913	
2452.730000	0.284713	0.073262	
2452.730000	0.284713	0.073611	
2452.730000	0.284713	0.073960	
2452.730000	0.284673	0.074309	
2448.140000	0.284713	0.074658	
2448.140000	0.284713	0.075357	
2448.140000	0.284713	0.075706	
2448.140000	0.284713	0.076015	
2448.140000	0.284713	0.076404	
2448.140000	0.284713	0.076753	
2448.140000	0.284713	0.077062	
2442.100000	0.284673	0.077451	
2442.100000	0.284673	0.077800	
2442.100000	0.284713	0.078149	
2442.100000	0.284713	0.078498	
2442.100000	0.284673	0.078847	
2398.420000	0.284673	0.079196	
2398.420000	0.284713	0.079545	
